reg_exp(str) group_id(int)
76769890|1
76769891|1
767698990|1
767698991|1
767698992|1
767698993|1
767698994|1
7676989944|1
767698996|1
200010044|2
200010093|2
200010098|3
20001009821|4
2000100989|4
20001009890|4
200010098900|4
200010098901|4
200010098902|4
200010098903|4
200010098904|4
200010098905|4
20001009891|4
20001009892|4
20001009893|4
200010098990|4
200010098991|4
200010098992|4
200010098993|4
200010098994|4
2000100989944|4
200010098996|4
767644|7
767698900|1
767698901|1
767698902|1
767698903|1
767698904|1
767698905|1
76769893|1
7611|5
7612|5
7613|5
7614|5
7615|5
7616|5
7617|5
7618|5
7619|5
7601|6
7602|6
7603|6
7604|6
7605|6
7606|6
7607|6
7608|6
7609|6
212393|7
21239370|7
21239371|7
